[logoMatcom.jpg]
filters=finetune2=1,0.000000,0.000000,0.000000,00000000,-0.040936;bw=1;bw=1;bw=1;
moddate=5782e823bb76d801
width=225
height=225
textactive=0
[logoMatcom.1.jpg]
filters=bw=1;sepia=1;bw=1;bw=1;
moddate=7c9c8261bb76d801
width=225
height=225
textactive=0
